2 3 1052 225 13702 
2 4 9512 17097 728 13702 
1 3 13463 2862 728 
2 8 13683 13684 7440 4605 13810 13776 4525 1052 
2 3 7598 1201 4605 
2 4 7598 14059 20439 14314 
1 2 16401 14059 
1 5 14041 14105 8658 15371 16401 
1 4 9910 7112 9514 14041 
1 4 9910 6830 13735 13683 
1 4 1116 13553 5332 13683 
1 6 13684 13624 4452 13607 13527 9512 
2 4 1052 13931 13947 3164 
2 4 14314 8869 20440 3164 
1 5 14412 4773 14357 3026 14314 
1 3 14412 5229 8658 
1 7 13973 13921 13956 13908 13857 1912 13931 
1 6 7878 8398 13727 38 13625 13702 
1 4 7878 13866 5544 13973 
1 2 13947 1912 
1 2 16401 20439 
1 7 14538 6410 6812 7010 14531 7604 14519 
1 5 14192 14243 14256 4401 14213 
1 5 14519 6672 596 14619 2848 
1 3 14213 1631 9136 
1 4 1631 14413 14546 2848 
1 3 2848 6429 6279 
1 6 20436 14679 8187 14659 8707 6429 
1 2 2848 8707 
1 4 9136 14493 2737 20436 
1 7 20436 1225 20435 4136 7067 7856 14618 
1 2 14986 14939 
1 6 14939 2844 14764 14689 14618 14537 
2 3 562 8378 20578 
1 3 20578 2825 4137 
2 5 6303 6742 20579 9786 20578 
2 2 6303 2791 
2 2 6303 5606 
2 2 5606 2791 
2 4 5606 1010 14341 15319 
2 3 14341 20591 1690 
2 4 1690 20594 3800 2791 
1 4 3800 9825 14179 5205 
2 2 20594 6712 
2 2 6712 20596 
2 2 6712 5205 
2 2 20596 5205 
2 4 5205 7502 20595 7967 
2 2 14202 7967 
1 5 14537 7633 14536 359 562 
2 4 14202 8339 9812 562 
2 4 7967 14093 6197 7386 
1 5 1755 4063 20602 20611 7386 
2 4 20596 13993 6130 13726 
2 2 7530 13726 
1 3 13521 13585 7530 
2 10 4733 13606 13682 13743 7783 13822 13865 3954 13971 6712 
1 5 13822 13744 7036 13769 7530 
2 4 5704 4054 13920 7783 
2 5 14583 14284 1798 14608 15319 
2 5 14617 15392 7264 14356 14583 
1 6 15533 8910 20538 15479 15462 15430 
1 7 15297 15348 7313 15327 15345 15314 2055 
1 6 14679 20434 3140 14924 14420 15018 
1 5 14986 20562 1402 6144 15018 
1 3 15018 3078 15113 
1 5 15221 15225 20551 4561 15113 
1 5 3078 7718 20557 1578 2055 
1 3 15134 1489 1578 
1 7 2587 2407 6645 15342 2324 15360 2055 
1 4 15430 4083 20545 2587 
1 4 9541 2161 15485 15462 
1 5 20535 2876 15455 15401 15485 
1 6 8969 15493 15448 15406 20539 2876 
1 4 8405 7765 9027 15493 
1 4 15406 6765 8724 5771 
2 4 20548 15279 15382 5771 
2 8 9404 15278 15223 15267 15224 20550 5812 20548 
1 8 15438 15421 15444 4508 15414 4547 8492 20548 
2 5 3628 15172 20555 8500 15223 
2 4 14762 6636 14726 1691 
1 2 14994 14939 
1 2 14994 14986 
1 5 14986 8085 5357 15238 2587 
1 2 5812 20558 
1 6 20558 1968 15095 15074 2998 15150 
1 5 2998 4474 15046 373 15075 
1 3 15075 6350 14994 
2 4 14795 4065 14652 20579 
2 4 1691 14763 2126 14795 
2 4 5606 20584 8301 1691 
1 4 15319 17001 14657 1691 
2 6 14617 14754 1338 8272 20576 14762 
2 5 14963 5721 14876 14830 8272 
1 5 14761 9668 1589 14801 1338 
1 3 9668 8098 14963 
2 6 8593 1662 14640 6623 14721 14761 
2 4 15151 15112 5066 14963 
2 3 14830 9121 15012 
2 4 15012 15069 5123 3628 
1 3 15109 2881 15223 
1 4 8552 9760 13662 1755 
1 4 13487 7456 13572 1755 
1 4 13521 13486 20606 7456 
2 4 4588 5646 15275 15297 
1 5 6223 9770 15343 7557 5646 
2 7 566 7935 15165 7609 15135 15138 4588 
1 4 15097 1482 14995 14930 
2 8 14930 7318 14969 8191 15047 15096 5883 566 
1 3 14930 14944 6208 
2 5 14672 14609 1757 8661 8202 
2 6 20616 9575 6087 14845 7028 6208 
2 5 20616 20615 1626 14729 20612 
2 3 20613 14817 20612 
2 7 3770 20614 14815 14770 14833 7940 20613 
2 4 14316 20628 14498 1757 
1 5 8577 8662 13909 7444 20644 
2 5 20644 9976 1674 14214 20633 
2 7 14316 20632 14274 3504 2049 14281 14214 
1 4 20631 14365 7720 20625 
2 6 5448 9268 14563 14414 20627 14365 
1 6 20614 6439 6906 14653 3428 14563 
1 2 3428 9268 
1 6 14414 2275 14387 1708 14289 20633 
1 4 20653 8227 13851 8577 
1 5 20653 8426 20643 20640 8069 
1 4 8069 20636 8397 14316 
1 8 3140 1061 14860 1817 2188 9243 2235 6279 
1 3 15160 15181 15225 
1 4 441 15156 15164 15151 
2 5 12681 12652 5637 14843 3825 
2 4 3825 8269 9282 12934 
2 4 9749 12472 5155 12681 
2 4 9749 12409 3983 5919 
1 3 7639 12482 20491 
1 2 20491 5822 
1 4 5822 5298 12494 8785 
2 2 7639 11115 
2 3 11115 319 5858 
2 4 5858 12810 448 1448 
2 4 1448 7383 9890 7144 
2 9 8583 20468 12663 12599 12569 7239 12438 12397 917 
2 2 1448 11784 
1 2 1819 9512 
1 4 7621 13463 6630 1819 
1 2 11784 1819 
2 4 11115 7095 8522 191 
1 4 8522 5340 8986 5858 
1 3 191 5782 12888 
2 4 12888 12795 12726 11115 
1 5 20455 4203 4422 1441 13479 
1 4 12888 12821 4639 1766 
1 3 1766 1923 12892 
2 6 1766 9158 4119 6437 8785 5919 
1 6 12934 13033 2621 13157 14602 5447 
1 2 444 13521 
1 6 7671 13455 13421 7106 20448 20455 
1 2 20455 13081 
1 6 191 2559 12989 11188 11144 1448 
1 7 7144 12920 3308 13086 6748 3456 7621 
1 4 8666 4192 5891 13033 
2 3 12254 498 917 
1 5 917 12431 12467 12566 8172 
1 5 12533 12473 9800 12387 20498 
2 6 20525 1520 12009 20517 12158 12187 
2 5 12187 6777 2056 12270 12319 
2 3 12319 8956 4483 
1 4 9591 20503 4824 12187 
2 5 20525 5286 2124 7101 4840 
1 2 7403 20525 
1 9 9609 2012 11892 9392 11987 20519 20516 12110 12187 
1 3 7486 11750 9609 
1 4 9226 12014 2539 12040 
2 5 7820 20511 3446 12371 20495 
2 4 12040 7235 12180 20511 
1 3 4840 11969 20522 
1 3 12024 20518 7235 
2 5 2124 12001 12060 8584 6625 
1 3 409 3839 20500 
1 3 20495 1608 8049 
1 4 12040 3377 20530 20508 
1 2 978 20495 
1 2 20497 12371 
1 5 7937 5140 1743 20504 6137 
2 5 6137 9148 12549 12608 12683 
1 5 12535 2375 533 6435 9148 
1 3 3824 6540 12535 
2 4 20656 7587 20647 13875 
2 4 13875 7946 13896 13832 
2 4 13858 8337 20654 13832 
1 5 13858 2085 3192 13867 6047 
1 4 20656 240 7952 13832 
1 4 20656 6862 20655 20653 
1 5 13875 3248 14098 6601 8069 
1 5 6921 13685 13957 6828 13867 
1 2 99 6921 
1 6 8583 20460 3374 20450 3118 13410 
2 3 6625 12163 12188 
2 3 3569 13090 6479 
2 3 13015 1788 3569 
1 3 13015 9102 6479 
2 6 3514 7075 13096 9651 9267 3569 
1 7 13474 496 4510 13201 13308 4829 6479 
1 4 3514 20451 3818 13392 
1 4 13392 9314 3816 13474 
2 5 6479 4700 13321 6191 4034 
2 4 4034 13457 13569 13593 
1 5 4034 8892 6626 13600 13736 
1 4 13736 13672 8856 13593 
1 5 12904 1924 20463 8734 13015 
1 3 12904 12890 3827 
2 4 13015 4335 9035 13115 
2 4 13115 5440 7203 13277 
2 3 13300 13195 13277 
1 4 3827 2649 13106 13300 
1 5 13736 4940 13754 20652 8577 
1 4 13736 13784 10001 20644 
1 4 13474 7540 7690 20653 
1 6 13392 6370 13473 13561 20658 240 
1 7 6047 36 3222 13922 7869 9075 13832 
2 4 14672 14704 9079 20616 
1 2 2711 20613 
1 9 20633 4963 3267 14510 3305 7913 14690 9842 20612 
