1 566 
1 917 
1 1052 
1 1448 
1 1691 
1 1755 
1 1766 
1 2055 
1 2711 
1 2791 
1 3514 
1 3569 
1 3628 
1 3770 
1 3825 
1 3827 
1 4034 
1 4483 
1 4588 
1 4733 
1 4840 
1 5447 
1 5448 
1 5704 
1 5858 
1 5919 
1 6047 
1 6137 
1 6208 
1 6279 
1 7144 
1 7386 
1 7598 
1 7621 
1 7639 
1 7820 
1 7967 
1 8202 
1 8577 
1 8583 
1 8593 
1 8969 
1 9226 
1 9404 
1 9512 
1 9609 
1 9749 
1 9910 
1 12040 
1 12187 
1 12533 
1 12535 
1 12681 
1 12683 
1 12888 
1 12934 
1 13300 
1 13474 
1 13479 
1 13521 
1 13683 
1 13702 
1 13726 
1 13736 
1 13858 
1 13875 
1 13973 
1 14192 
1 14314 
1 14316 
1 14519 
1 14537 
1 14583 
1 14617 
1 14761 
1 14930 
1 14939 
1 14963 
1 15018 
1 15160 
1 15319 
1 15438 
1 15533 
1 20436 
1 20455 
1 20495 
1 20525 
1 20548 
1 20578 
1 20596 
1 20625 
1 20633 
1 20656 
