
state={
	id=10
	name="STATE_10"
	provinces={
		304 428 523 627 707 712 785 979 1138 1291 1427 1551 1626 1661 1674 1708 1745 1757 1854 1914 2049 2061 2241 2274 2275 2334 2369 2435 2473 2588 2626 2711 2728 2833 2890 3161 3174 3240 3267 3273 3305 3358 3392 3428 3487 3504 3604 3770 3867 3882 3908 4034 4046 4071 4113 4198 4253 4342 4349 4376 4701 4778 4790 4801 4940 4963 5049 5088 5137 5448 5469 5586 5649 5878 5940 5977 6087 6094 6119 6153 6191 6208 6212 6439 6537 6622 6626 6667 6906 6957 7023 7028 7238 7267 7444 7501 7542 7720 7873 7913 7940 7974 8029 8069 8157 8202 8227 8254 8267 8397 8421 8426 8514 8577 8579 8661 8662 8678 8685 8856 8892 8961 9034 9079 9094 9217 9245 9268 9307 9352 9363 9409 9446 9461 9575 9618 9842 9846 9851 9866 9903 9976 10001 10021 10043 10044 13312 13373 13456 13457 13458 13480 13528 13554 13562 13569 13586 13593 13600 13618 13652 13658 13663 13672 13693 13694 13709 13715 13719 13728 13736 13737 13754 13778 13784 13787 13801 13802 13824 13825 13827 13837 13851 13859 13876 13883 13884 13897 13902 13909 13938 13948 13958 13966 14012 14030 14060 14075 14076 14077 14132 14149 14171 14172 14180 14203 14214 14225 14266 14267 14274 14280 14281 14285 14289 14308 14309 14316 14320 14328 14342 14365 14377 14387 14388 14414 14426 14427 14439 14440 14475 14498 14509 14510 14515 14547 14555 14563 14576 14577 14597 14609 14633 14634 14653 14665 14672 14690 14691 14704 14722 14729 14738 14746 14770 14771 14809 14815 14817 14833 14845 14871 14881 14892 14897 14912 14926 20386 20389 20390 
	}
	
	history={
		owner = SOL
		add_core_of = SOL
	}
	
	manpower=1
	state_category = town
	buildings_max_level_factor=1.000
}
