
state={
	id=10
	name="STATE_10"

	history={
		owner = SOL
		add_core_of = SOL

	}

	provinces={
		627 1291 1551 1661 2241 2334 2435 2565 2588 2728 3161 3392 3487 3908 3972 4046 4113 4198 4253 4349 4376 4701 4801 4948 5088 5137 5521 5878 5940 6119 6212 6377 7011 7138 7542 7974 8029 8157 8254 8267 8421 8452 8678 9034 9077 9274 9446 9461 9618 9846 9866 9978 10021 10043 10044 13237 13250 13313 13387 13393 13394 13404 13422 13464 13529 13535 13562 13563 13586 13618 13658 13663 13694 13709 13715 13728 13778 13787 13802 13824 13825 13827 13859 13876 13902 13938 13948 13958 14077 14180 14267 14285 14309 14328 14388 14427 14475 
	}
	manpower=1
	buildings_max_level_factor=1.000
	state_category=town
}
