
state={
	id=11
	name="STATE_11"
	
	history={
		owner = AUR
		add_core_of = AUR

	}

	provinces={
		177 211 276 290 353 416 471 533 628 692 698 710 768 832 838 911 1034 1105 1111 1143 1381 1408 1500 1699 1713 1740 1743 2005 2038 2081 2139 2375 2409 2580 2610 2614 2705 2812 3004 3054 3099 3114 3119 3124 3228 3393 3449 3643 3824 3854 3876 3899 3968 4167 4250 4371 4437 4795 4853 4859 4890 5065 5140 5594 5650 5663 5668 5681 5747 5900 5945 5953 5980 6000 6004 6023 6075 6084 6137 6204 6274 6284 6435 6540 6811 6922 6929 6944 6981 7078 7132 7355 7435 7662 7798 7812 7937 8031 8199 8211 8372 8431 8916 8974 8999 9012 9047 9148 9278 9288 9326 9380 9689 9699 9715 9725 9943 11314 11345 11399 11477 11539 11544 11551 11565 11588 11671 11689 11690 11694 11704 11723 11755 11785 11806 11837 11851 11860 11861 11871 11885 11918 11924 11942 11950 11970 11971 11977 11985 11988 12010 12019 12029 12030 12041 12071 12072 12112 12144 12174 12191 12219 12228 12282 12323 12334 12343 12347 12388 12398 12415 12442 12475 12535 12549 12559 12576 12585 12608 12609 12610 12618 12619 12639 12640 12657 12664 12683 12689 12743 16621 
	}
	manpower=1
	buildings_max_level_factor=1.000
	state_category=town
}
