
state={
	id=11
	name="STATE_11"
	provinces={
		144 177 211 276 290 353 375 408 416 471 533 692 698 699 710 768 832 838 911 1034 1105 1111 1143 1381 1408 1699 1713 1740 1743 1788 1924 1996 2005 2038 2081 2117 2139 2212 2365 2375 2409 2580 2610 2614 2649 2705 3099 3114 3119 3124 3228 3259 3381 3449 3543 3643 3824 3827 3854 3876 3899 3968 4335 4371 4403 4795 4853 4859 4890 5012 5065 5140 5440 5519 5594 5650 5663 5668 5747 5761 5840 5900 5945 5953 5969 6000 6004 6023 6075 6084 6137 6204 6274 6284 6435 6540 6811 6814 6922 6944 6981 7078 7132 7139 7203 7355 7662 7798 7812 7937 8199 8211 8734 8814 8916 8999 9012 9035 9047 9102 9148 9278 9288 9326 9380 9689 9699 9715 9725 9943 11539 11565 11689 11704 11806 11851 11860 11861 11871 11885 11918 11924 11942 11950 11970 11971 11977 11985 11988 12010 12019 12029 12030 12037 12041 12071 12072 12112 12144 12174 12191 12219 12228 12282 12323 12334 12343 12347 12388 12398 12415 12442 12475 12535 12549 12559 12576 12585 12608 12609 12610 12618 12619 12639 12640 12657 12664 12683 12684 12689 12743 12744 12799 12836 12846 12890 12903 12904 12912 12935 12954 12972 12995 13015 13045 13106 13115 13146 13208 13276 13277 13381 
	}
	manpower=0
	buildings_max_level_factor=1.000
}
