
state={
	id=12
	name="STATE_12"
	provinces={
		147 278 384 485 744 791 803 804 810 829 1075 1128 1152 1156 1243 1266 1322 1342 1577 1628 1646 1680 1728 1748 1780 1784 1871 1955 2016 2045 2119 2142 2199 2200 2418 2454 2494 2500 2544 2656 2693 2706 2953 2956 3059 3142 3153 3160 3265 3307 3384 3468 3469 3478 3676 3782 4016 4111 4172 4274 4285 4329 4684 4757 4759 4832 5030 5033 5118 5148 5198 5209 5428 5446 5483 5500 5525 5545 5581 5620 5654 5728 5875 5957 5975 5991 6108 6194 6227 6228 6232 6247 6356 6461 6527 6656 6696 6698 6725 6835 6907 7137 7225 7337 7352 7408 7572 7632 7642 7659 7661 7774 7917 7945 7964 8005 8030 8054 8071 8089 8107 8125 8128 8195 8212 8221 8242 8348 8424 8446 8451 8474 8496 8497 8526 8617 8641 8745 8757 8777 8839 8883 8897 8898 8995 9010 9014 9052 9096 9150 9294 9356 9366 9474 9565 9640 9647 9670 9678 9843 9906 9953 9991 9992 10009 10023 10026 10045 12309 12328 12394 12483 12484 12536 12550 12611 12659 12734 12745 12760 12770 12776 12800 12856 12868 12876 12914 12929 12940 12958 12976 12978 12990 13016 13028 13046 13070 13071 13097 13098 13107 13117 13124 13125 13126 13159 13160 13163 13171 13183 13190 13197 13209 13225 13241 13242 13251 13259 13269 13278 13304 13314 13322 13323 13351 13360 13374 13382 13388 13395 13411 13416 13428 13447 13465 13466 13475 13496 13506 13511 13517 13523 13542 13543 13547 13555 13564 13565 13587 13590 13633 13634 13641 13647 13659 13664 13690 13695 13703 13720 13738 13755 13772 13796 13797 13803 13817 13877 13915 13932 13959 13975 13994 14000 14020 14021 14043 14078 14085 14094 14099 14107 14150 14154 14155 14185 14194 14195 14204 14250 14257 14258 14300 14317 14322 14323 14329 14336 14348 14366 14372 14389 14406 14407 14441 14448 14467 14468 14484 14485 14511 14540 14541 14550 14620 14648 14666 14697 14739 14747 14766 14772 14777 14834 14840 14846 14864 14872 14931 14965 14987 14996 14997 15019 15049 15055 20276 20293 20299 20303 20314 20315 20316 20317 20322 
	}
	manpower=0
	buildings_max_level_factor=1.000
}
