
state={
	id=13
	name="STATE_13"
	provinces={
		86 108 114 236 376 424 466 553 565 572 601 823 1000 1198 1392 1466 1509 1539 1621 1633 1656 1673 1684 1710 1741 1752 2118 2174 2194 2220 2703 2990 3201 3597 3624 3790 3819 3831 3975 4073 4089 4171 4289 4384 4732 4743 4860 5109 5215 5225 5421 5532 5764 5913 5939 6060 6299 6684 6700 6792 6928 6971 7013 7338 7432 7976 8017 8129 8462 8649 8680 8726 8823 8908 9085 9249 9505 9706 9752 9775 9959 9975 9984 10017 11761 11762 11793 11794 11866 11904 11912 11938 12002 12092 12114 12294 12301 12302 12310 12417 12426 12496 12555 12622 12634 12648 12660 12665 12690 12696 12707 12716 12738 12771 12805 12822 12832 12847 12860 12877 12897 12936 12943 12962 12977 13017 13041 13072 
	}
	
	history={
		owner = FRI
		add_core_of = FRI
	}
	
	manpower=1
	state_category = town
	buildings_max_level_factor=1.000
}
