
state={
	id=14
	name="STATE_14"
	provinces={
		56 83 103 167 178 233 567 592 676 822 826 877 889 900 1174 1365 1432 1460 1469 1495 1555 1676 1696 1751 1847 1848 1981 2003 2019 2021 2079 2153 2535 2609 2782 3364 3391 3414 3420 3436 3476 3479 3495 3739 3886 4045 4104 4176 4306 4368 4380 4464 4481 4521 4766 4987 4993 5082 5126 5203 5259 5297 5323 5413 5460 5531 5547 5592 5628 5742 5825 5990 6059 6484 6948 7071 7090 7222 7260 7433 7905 8032 8190 8299 8464 8488 8717 8749 8760 8792 8829 8942 9439 9448 9456 9648 9679 10719 10728 10781 10799 10866 10892 10899 10906 10932 10936 10952 10968 10974 10982 10987 11003 11076 11082 11088 11110 11125 11134 11139 11164 11199 11200 11204 11207 11220 11269 11276 11277 11296 11307 11315 11331 11357 11359 11370 11383 11384 11385 11395 11422 11445 11455 11464 11512 11518 11535 11579 11633 11698 11714 11734 11798 11807 11867 11945 11997 12047 20348 20352 20357 20360 
	}
	manpower=0
	buildings_max_level_factor=1.000
}
