
state={
	id=15
	name="STATE_15"
	provinces={
		3 15 16 464 827 846 1715 2086 2181 2226 2249 2294 2359 2416 2513 2736 2812 3004 3418 3830 3873 3902 3928 3940 4105 4190 4223 4250 4275 4322 4437 4887 5273 5318 5437 5681 6076 6319 6801 6929 7027 7435 7628 8102 8156 8300 8355 8519 8528 8816 8958 8974 9564 9716 10697 10733 10735 10756 10763 10780 10802 10823 10833 10834 10835 10841 10848 10865 10891 10898 10904 10905 10926 10966 10979 11063 11064 11066 11103 11124 11133 11141 11163 11206 11215 11219 11222 11223 11258 11294 11303 11314 11329 11345 11365 11399 11439 11477 11498 11502 11503 11544 11551 11560 11657 11732 11733 11744 11780 11785 11837 
	}
	
	history={
		owner = CHC
		add_core_of = CHC
	}
	
	manpower=1
	state_category = town
	buildings_max_level_factor=1.000
}
