
state={
	id=16
	name="STATE_16"
	provinces={
		31 46 113 168 209 255 286 409 659 679 713 721 730 784 790 859 894 978 986 987 1021 1055 1189 1191 1221 1241 1258 1405 1520 1608 1636 1648 1776 1866 1954 1960 1992 2012 2056 2124 2147 2159 2183 2238 2290 2302 2306 2322 2378 2430 2495 2539 2653 2696 2753 2774 2987 3020 3128 3154 3354 3377 3399 3446 3464 3562 3592 3606 3609 3613 3667 3718 3733 3758 3774 3833 3839 3901 3971 4023 4070 4132 4237 4314 4323 4325 4398 4468 4483 4487 4512 4516 4534 4574 4679 4727 4782 4824 4840 4921 4932 4978 4979 5004 5048 5233 5286 5312 5315 5345 5355 5395 5523 5604 5610 5612 5664 5731 5787 5804 5809 5815 5819 5829 5921 5925 5947 6095 6116 6121 6125 6152 6229 6310 6368 6510 6514 6541 6547 6574 6605 6625 6634 6637 6734 6740 6777 6821 6850 6861 6873 6909 6931 7006 7072 7101 7235 7259 7302 7345 7403 7423 7427 7453 7486 7595 7672 7697 7781 7795 7820 7855 7890 7891 7898 8049 8061 8073 8078 8150 8184 8218 8306 8388 8425 8430 8447 8544 8584 8613 8688 8703 8711 8732 8798 8835 8906 8956 8957 9081 9142 9168 9169 9195 9226 9242 9334 9392 9543 9591 9609 9632 9650 9672 9720 9734 9748 9802 9908 9931 9974 9979 9981 10029 10717 10732 10753 10755 10760 10778 10779 10785 10793 10797 10807 10814 10822 10839 10840 10851 10854 10855 10860 10879 10880 10889 10890 10924 10925 10931 10940 10944 10945 10960 10965 10978 10986 10995 11000 11001 11008 11009 11032 11036 11037 11038 11053 11060 11061 11062 11075 11080 11087 11094 11116 11123 11131 11132 11154 11155 11162 11167 11175 11179 11180 11189 11193 11203 11214 11218 11229 11238 11245 11246 11256 11257 11293 11301 11302 11306 11313 11327 11328 11344 11355 11356 11377 11382 11394 11397 11413 11426 11432 11433 11459 11462 11468 11469 11476 11483 11507 11508 11509 11510 11517 11543 11558 11564 11573 11583 11584 11594 11595 11601 11618 11619 11632 11641 11644 11680 11688 11703 11709 11718 11730 11731 11736 11743 11750 11751 11752 11759 11760 11770 11771 11778 11779 11791 11792 11805 11813 11820 11823 11824 11828 11836 11865 11876 11877 11884 11892 11893 11899 11900 11911 11916 11917 11923 11935 11941 11959 11967 11969 11976 11987 11991 11996 12001 12009 12014 12017 12018 12024 12040 12046 12053 12059 12060 12061 12062 12099 12100 12110 12111 12127 12129 12157 12158 12159 12163 12164 12180 12187 12188 12215 12239 12255 12270 12300 12319 12333 12359 12370 12371 12387 12410 12425 12435 12474 12513 12570 12571 12575 12584 12629 12711 12722 12781 
	}
	
	history={
		owner = GLR
		add_core_of = GLR
	}
	
	manpower=1
	state_category = town
	buildings_max_level_factor=1.000
}
