
state={
	id=16
	name="STATE_16"

	history={
		buildings = {
			infrastructure = 2

		}
		owner = GLR
		add_core_of = GLR

	}

	provinces={
		113 180 200 631 659 679 708 713 721 730 827 852 894 931 949 987 1021 1175 1185 1189 1228 1258 1347 1552 1636 1683 1750 1776 1861 1927 1960 2099 2170 2183 2238 2290 2298 2302 2306 2402 2430 2513 2653 2664 2696 2713 2753 2774 2842 2888 3020 3143 3286 3354 3592 3600 3606 3609 3612 3667 3695 3718 3865 3928 3971 4070 4132 4188 4237 4292 4304 4314 4322 4398 4487 4512 4516 4574 4679 4727 4777 4782 4880 4931 4932 4978 4979 5230 5233 5260 5266 5315 5318 5437 5610 5612 5624 5659 5689 5787 5804 5815 5819 5829 5925 5947 6028 6076 6095 6152 6221 6242 6312 6368 6376 6514 6547 6574 6632 6728 6731 6740 6786 6804 6882 6931 6952 6953 6955 7002 7076 7246 7259 7324 7423 7439 7453 7494 7577 7595 7628 7672 7697 7781 8036 8061 8078 8184 8218 8300 8355 8388 8430 8499 8524 8528 8613 8723 8796 8816 8834 8847 8900 8957 9021 9063 9195 9232 9234 9242 9365 9394 9672 9734 9737 9748 9813 9908 9981 10018 10217 10238 10241 10256 10267 10279 10284 10287 10305 10308 10310 10315 10323 10357 10360 10379 10385 10386 10392 10393 10399 10414 10421 10426 10436 10437 10445 10457 10461 10463 10464 10473 10484 10485 10489 10494 10502 10509 10510 10514 10515 10516 10517 10523 10528 10534 10538 10542 10543 10550 10551 10575 10576 10582 10583 10584 10586 10593 10594 10598 10601 10613 10618 10619 10623 10630 10636 10645 10656 10662 10663 10664 10668 10675 10680 10682 10686 10691 10695 10696 10703 10708 10709 10717 10718 10721 10722 10732 10753 10755 10756 10760 10778 10779 10785 10793 10797 10802 10807 10814 10822 10839 10840 10851 10854 10855 10879 10880 10889 10890 10924 10925 10940 10945 10960 10965 10978 10986 10995 11000 11009 11032 11036 11037 11038 11060 11061 11062 11075 11080 11087 11094 11123 11131 11132 11154 11155 11162 11175 11179 11180 11189 11193 11206 11214 11222 11229 11245 11246 11257 11293 11302 11313 11327 11328 11377 11394 11397 11432 11433 11439 11462 11469 11483 11498 11510 11517 11558 11560 11573 11584 11595 11619 11632 11657 11680 11703 11732 11744 11780 11792 11824 
	}
	manpower=1
	buildings_max_level_factor=1.000
	state_category=town
	local_supplies=0.000
}
