
state={
	id=17
	name="STATE_17"
	
	history={
		owner = LEN
		add_core_of = LEN

	}
	
	provinces={
		73 169 265 299 851 1293 1351 1486 1664 2047 2558 3015 3069 3085 3385 3426 3455 3694 4010 4154 4592 4899 4936 5214 5262 5373 5419 5542 5906 6184 6583 6654 7274 7512 7956 8015 8182 8270 8434 8463 8684 9130 9425 10100 10114 10115 10129 10132 10157 10161 10163 10167 10170 10176 10177 10181 10193 10194 10198 10200 10202 10204 10210 10220 10221 10229 10237 10254 10257 10274 10275 10291 10302 20277 20313 20334 
	}
	manpower=0
	buildings_max_level_factor=1.000
}
