
state={
	id=18
	name="STATE_18"
	provinces={
		144 375 408 446 496 530 699 750 979 1336 1538 1788 1854 1924 2001 2022 2117 2212 2365 2366 2506 2626 2649 2655 3090 3381 3514 3566 3569 3584 3740 3798 3816 3818 3827 4034 4193 4267 4335 4342 4403 4510 4700 4829 4940 4971 5012 5190 5201 5402 5440 5519 5761 5918 5969 6135 6191 6198 6264 6342 6370 6479 6537 6556 6626 6814 6825 6846 7075 7139 7203 7323 7540 7690 8186 8472 8514 8606 8734 8814 8856 8892 8954 9035 9094 9102 9267 9314 9476 9531 9651 9732 12684 12744 12846 12889 12890 12903 12904 12928 12935 12939 12954 12971 12995 13006 13015 13038 13039 13040 13045 13090 13096 13106 13115 13146 13158 13170 13182 13195 13201 13208 13222 13248 13249 13258 13263 13267 13268 13276 13277 13295 13300 13308 13312 13321 13331 13332 13339 13349 13350 13373 13381 13392 13415 13446 13456 13457 13458 13474 13480 13495 13505 13528 13554 13569 13593 13600 13640 13652 13672 13686 13693 13719 13736 13737 13751 13754 13784 
	}
	manpower=0
	buildings_max_level_factor=1.000
}
