
state={
	id=19
	name="STATE_19"
	provinces={
		304 428 523 707 712 785 1138 1427 1626 1674 1708 1745 1757 1914 2049 2061 2274 2275 2369 2473 2711 2833 2890 3174 3240 3267 3273 3305 3358 3428 3504 3604 3770 3867 3882 4071 4778 4790 4963 5049 5448 5469 5586 5649 5977 6087 6094 6153 6208 6439 6622 6667 6906 6957 7023 7028 7238 7267 7444 7501 7720 7873 7913 7940 8069 8202 8227 8397 8426 8577 8579 8661 8662 8685 8961 9079 9217 9245 9268 9307 9352 9363 9409 9575 9842 9851 9903 9976 10001 13801 13837 13851 13883 13884 13897 13909 13966 14012 14030 14060 14075 14076 14132 14149 14171 14172 14203 14214 14225 14266 14274 14280 14281 14289 14308 14316 14320 14342 14365 14377 14387 14414 14426 14439 14440 14498 14509 14510 14515 14547 14555 14563 14576 14577 14597 14609 14633 14634 14653 14665 14672 14690 14691 14704 14722 14729 14738 14746 14770 14771 14809 14815 14817 14833 14845 14871 14881 14892 14897 14912 14926 20386 20389 20390 
	}
	manpower=0
	buildings_max_level_factor=1.000
}
