
state={
	id=2
	name="STATE_2"
	provinces={
		200 708 931 1185 1750 2402 2713 2888 3286 3612 3695 5266 5624 5659 5689 6728 6786 6882 6952 6953 7076 7439 8036 9021 9063 9234 9813 10217 10238 10241 10256 10267 10287 10305 10308 10315 10357 10385 10399 10414 10436 10445 10450 10457 10473 10484 10485 10489 10494 10509 10514 10515 10528 10538 10550 10575 10576 10586 10593 10594 10598 10618 10619 10641 10662 10663 10668 10675 10686 10695 10703 10721 10722 
	}
	manpower=0
	buildings_max_level_factor=1.000
}
