
state={
	id=21
	name="STATE_21"
	provinces={
		99 181 191 319 448 498 819 880 917 929 1086 1186 1455 1457 1494 1781 1802 1819 1831 1967 2187 2281 2559 2615 3118 3246 3308 3310 3323 3369 3374 3456 3533 3755 3832 3984 4103 4517 4927 5124 5336 5340 5780 5782 5791 5858 6448 6630 6748 6753 7049 7095 7144 7239 7373 7383 7412 7621 7639 7971 8172 8239 8583 8986 9740 9890 9958 12254 12397 12431 12438 12467 12482 12512 12566 12568 12569 12574 12599 12600 12663 12682 12698 12705 12726 12795 12810 12821 12864 12874 12888 12902 12920 12938 12989 13009 13069 13084 13085 13086 13095 13240 13286 13372 13410 13573 
	}
	manpower=0
	buildings_max_level_factor=1.000
}
