
state={
	id=24
	name="STATE_24"

	history={
		owner = CMM
		add_core_of = CMM

	}

	provinces={
		38 77 131 225 360 728 1025 1052 1116 1201 1299 1576 1639 1912 1975 2687 2862 2894 3026 3088 3164 3316 3992 4108 4452 4525 4605 4693 4773 5173 5191 5229 5277 5332 5474 5544 6259 6458 6546 6711 6830 7112 7341 7440 7594 7598 7681 7802 7878 7961 8170 8384 8398 8658 8869 8920 8932 9499 9512 9514 9735 9910 13527 13552 13553 13598 13599 13607 13611 13617 13624 13625 13646 13671 13675 13683 13684 13701 13702 13727 13735 13745 13776 13783 13800 13810 13836 13848 13849 13850 13857 13866 13874 13908 13914 13921 13931 13937 13947 13956 13972 13973 13983 14041 14059 14071 14105 14129 14232 14277 14288 14313 14314 14357 14412 20376 20380 20381 20385 20393 20395 20397 
	}
	manpower=0
	buildings_max_level_factor=1.000
}
