
state={
	id=252
	name="STATE_252"

	history={
		buildings = {
			infrastructure = 2

		}
		owner = GLR
		add_core_of = GLR

	}

	provinces={
		209 286 1055 1191 1221 1241 1866 1954 1992 2147 2322 2378 3128 3154 3464 3562 3613 3733 3758 3774 3901 4023 4323 4921 5345 5523 5664 5809 5921 6116 6310 6634 6821 6850 6873 7006 7072 7302 7795 7855 7890 7891 7898 8150 8447 8544 8688 8835 9081 9168 9169 9543 9650 9802 9931 10944 11008 11053 11116 11167 11203 11218 11238 11256 11301 11306 11344 11355 11356 11382 11413 11426 11459 11468 11476 11507 11508 11509 11543 11564 11583 11594 11601 11618 11641 11644 11688 11709 11718 11730 11731 11736 11743 11752 11759 11760 11770 11771 11778 11779 11791 11820 11823 11828 11836 11865 11884 11893 11900 11917 11935 11959 11976 20528 
	}
	manpower=1
	buildings_max_level_factor=1.000
	state_category=town
	local_supplies=0.000
}
