
state={
	id=26
	name="STATE_26"

	history={
		owner = VRT
		add_core_of = VRT

	}

	provinces={
		431 596 963 1061 1225 1341 1631 1817 2188 2235 2467 2510 2646 2726 2737 2848 2852 2874 2965 3140 3955 4136 4305 4401 4549 5006 5101 5387 5615 6018 6279 6410 6427 6429 6672 6812 7010 7604 7611 8039 8187 8427 8515 8660 8707 9136 9182 9243 9317 9378 9702 14124 14164 14192 14193 14213 14243 14256 14278 14279 14307 14315 14334 14413 14420 14425 14461 14473 14474 14478 14493 14496 14497 14505 14519 14531 14538 14546 14584 14596 14619 14642 14643 14647 14659 14679 14711 14712 14727 14728 14765 14769 14808 14839 14844 14860 14899 14924 14940 20392 
	}
	manpower=0
	buildings_max_level_factor=1.000
}
