
state={
	id=27
	name="STATE_27"
	provinces={
		373 649 658 1182 1396 1402 1489 1578 2055 2161 2324 2407 2587 2632 2844 2876 2998 3616 3896 4083 4098 4266 4474 4508 4536 4547 4710 5357 5771 5866 6144 6163 6350 6392 6624 6645 6765 7165 7368 7560 7631 7718 7765 7979 8085 8112 8246 8405 8492 8555 8724 8762 8910 8969 9027 9187 9328 9541 10042 14878 14929 14939 14940 14986 14994 15018 15024 15046 15054 15075 15089 15128 15129 15133 15134 15148 15150 15152 15173 15175 15186 15208 15216 15230 15233 15237 15238 15239 15252 15259 15274 15279 15285 15296 15299 15307 15314 15342 15357 15360 15379 15382 15383 15400 15401 15406 15407 15414 15421 15430 15438 15444 15448 15455 15462 15479 15485 15493 15499 15511 15518 15532 15533 15554 15565 
	}
	manpower=0
	buildings_max_level_factor=1.000
}
