
state={
	id=28
	name="STATE_28"
	provinces={
		128 359 414 418 441 444 540 562 580 617 702 775 993 1010 1245 1338 1403 1452 1589 1597 1662 1690 1691 1755 1759 1762 1798 1968 2062 2126 2192 2224 2243 2271 2573 2603 2742 2759 2791 2820 2825 2881 2919 3180 3270 3382 3482 3488 3542 3552 3628 3708 3800 3852 3954 3996 4054 4063 4065 4110 4125 4137 4141 4158 4186 4301 4466 4544 4604 4733 4786 5066 5123 5204 5205 5224 5237 5240 5356 5401 5606 5641 5704 5721 5723 5812 5862 5929 5944 6003 6030 6055 6130 6168 6197 6303 6428 6623 6636 6638 6660 6712 6742 6883 6914 7036 7067 7264 7270 7327 7386 7425 7456 7502 7514 7530 7566 7633 7675 7755 7758 7783 7856 7889 7907 7967 8091 8098 8272 8279 8301 8339 8374 8378 8460 8500 8520 8593 8599 8651 8655 8821 8913 9121 9266 9404 9455 9579 9668 9729 9760 9786 9812 9822 9825 9880 9936 9998 10013 13345 13371 13380 13386 13445 13486 13487 13521 13546 13572 13585 13597 13606 13610 13616 13638 13651 13662 13670 13682 13714 13726 13743 13744 13752 13753 13769 13771 13777 13786 13816 13822 13823 13831 13835 13865 13873 13919 13920 13971 13993 14010 14011 14050 14058 14070 14084 14093 14119 14131 14179 14202 14212 14224 14255 14284 14306 14341 14356 14419 14438 14465 14466 14472 14492 14536 14537 14562 14583 14608 14617 14618 14632 14639 14640 14641 14646 14652 14657 14658 14664 14689 14703 14710 14718 14721 14726 14737 14745 14754 14761 14762 14763 14764 14795 14801 14802 14806 14807 14814 14824 14830 14831 14832 14843 14876 14877 14885 14896 14903 14911 14922 14923 14943 14949 14963 14974 14978 14980 15012 15017 15039 15065 15069 15074 15081 15094 15095 15109 15112 15141 15144 15151 15156 15164 15166 15172 15223 15224 15267 15277 15278 15306 20384 20387 20388 20401 
	}
	manpower=0
	buildings_max_level_factor=1.000
}
