
state={
	id=3
	name="STATE_3"

	history={
		owner = STA
		add_core_of = STA

	}

	provinces={
		14 193 629 898 1079 1210 1359 1486 1630 1707 1778 1805 1868 1939 2436 2456 2515 2554 2732 2880 2897 3083 3348 3574 3849 3904 3931 4010 4122 4139 4283 4311 4427 4442 4677 4769 4981 5166 5290 5373 5422 5491 5565 5813 6071 6073 6583 6823 7098 7274 7331 7436 7455 7512 7556 7706 7724 7809 8114 8329 8642 8791 8887 8903 8941 9099 9153 9203 9939 10097 10110 10124 10129 10139 10140 10150 10155 10163 10166 10169 10173 10174 10175 10176 10186 10191 10193 10202 10210 10212 10213 10215 10220 10223 10225 10235 10236 10237 10242 10245 10247 10249 10250 10257 10258 10264 10268 10269 10270 10273 10274 10280 10291 10296 10301 10302 10306 10311 10326 10327 10336 10337 10353 10361 10373 10409 10410 20313 20336 
	}
	manpower=1
	buildings_max_level_factor=1.000
	state_category=town
}
