
state={
	id=30
	name="STATE_30"
    
    history={
		owner = REO
		add_core_of = REO

	}
    
	provinces={
		46 168 255 409 498 784 790 917 978 986 1405 1520 1608 1648 1781 1831 2012 2056 2124 2495 2539 2987 3128 3369 3377 3399 3446 3533 3720 3833 3839 4230 4325 4468 4483 4534 4824 4840 5004 5048 5286 5312 5355 5395 5604 5731 5780 5791 6121 6125 6229 6510 6541 6625 6637 6734 6753 6777 6861 7101 7235 7239 7345 7403 7427 7486 7820 7890 8049 8073 8150 8172 8306 8425 8584 8703 8732 8746 8798 8906 8956 9142 9226 9334 9392 9591 9609 9632 9642 9720 9740 9800 9974 9979 10029 11750 11751 11759 11805 11813 11876 11877 11892 11899 11911 11916 11923 11941 11967 11969 11987 11991 11996 12001 12009 12014 12017 12018 12024 12040 12046 12053 12059 12060 12061 12062 12099 12100 12110 12111 12127 12129 12157 12158 12159 12163 12164 12180 12187 12188 12215 12239 12254 12255 12270 12300 12319 12333 12359 12370 12371 12387 12397 12410 12425 12431 12435 12438 12467 12473 12474 12503 12512 12513 12533 12566 12569 12570 12571 12575 12599 12600 12629 12663 12705 12711 
	}
	manpower=1
	state_category=town
	buildings_max_level_factor=1.000
}
