
state={
	id=5
	name="STATE_5"
	provinces={
		73 78 227 299 344 350 440 484 794 851 944 1297 1312 1316 1465 1711 1888 1896 1899 2203 2446 2468 3069 3094 3293 3589 3960 4529 4592 4615 4657 4862 4899 5214 5262 5542 5686 5700 5720 5890 6148 6157 6184 6423 6833 7003 7135 7901 7962 8006 8046 8149 8182 8409 8481 8802 9247 9487 9535 10066 10067 10069 10077 10078 10080 10083 10086 10092 10100 10106 10119 10125 10133 10134 10145 10146 10170 10182 10187 10192 10195 10222 10226 10227 10239 10251 10259 10282 10318 10344 10380 20333 
	}
	
	history={
		owner = HVI
		add_core_of = HVI
	}
	
	manpower=1
	state_category = town
	buildings_max_level_factor=1.000
}
