
state={
	id=5
	name="STATE_5"
	
	history={
		buildings = {
			infrastructure = 2
		}
		owner = LEN
		add_core_of = LEN

	}
	
	provinces={
		78 227 344 350 440 484 944 1297 1312 1316 1465 1711 1896 1899 3094 3293 3589 3960 4529 4615 4657 4862 5686 5700 5720 5890 6148 6157 6833 7003 7135 7901 7962 8006 8046 8149 8409 8481 8802 9247 9487 9535 10066 10067 10069 10077 10078 10080 10083 10086 10092 10106 10119 10125 10133 10134 10145 10146 10182 10187 10192 10195 10222 10226 10227 10239 10251 10259 10282 10318 10344 10380 20333 
	}
	manpower=1
	buildings_max_level_factor=1.000
	state_category=town
}
