
state={
	id=7
	name="STATE_7"

	history={
		owner = SYM
		add_core_of = SYM

	}

	provinces={
		128 279 359 373 414 418 441 444 540 562 580 617 649 658 702 775 993 1010 1182 1245 1338 1396 1402 1403 1452 1489 1578 1589 1597 1662 1665 1690 1691 1755 1759 1762 1798 1968 2055 2062 2126 2129 2161 2192 2224 2243 2271 2324 2407 2573 2587 2603 2632 2742 2759 2791 2820 2825 2844 2876 2881 2919 2998 3078 3180 3270 3285 3382 3466 3482 3488 3527 3542 3552 3616 3628 3708 3800 3852 3896 3954 3996 4054 4063 4065 4083 4098 4110 4125 4137 4141 4158 4186 4266 4301 4399 4448 4466 4474 4508 4536 4544 4547 4561 4604 4710 4733 4751 4786 5003 5066 5123 5204 5205 5224 5237 5240 5255 5356 5357 5401 5606 5641 5704 5721 5723 5771 5797 5812 5862 5866 5929 5944 5976 6003 6030 6055 6130 6144 6163 6168 6189 6197 6303 6350 6392 6428 6623 6624 6636 6638 6642 6645 6660 6712 6742 6765 6793 6817 6883 6887 6914 7036 7067 7165 7264 7270 7313 7327 7368 7386 7425 7456 7502 7514 7526 7530 7560 7566 7631 7633 7675 7718 7755 7758 7765 7783 7856 7889 7907 7967 7979 8085 8091 8098 8112 8246 8272 8279 8301 8339 8374 8378 8405 8433 8460 8492 8500 8520 8523 8552 8555 8593 8599 8651 8655 8724 8762 8821 8910 8913 8969 9027 9121 9187 9266 9328 9404 9455 9540 9541 9579 9668 9673 9681 9729 9760 9786 9812 9822 9825 9880 9936 9998 10013 10042 12606 13330 13345 13371 13380 13386 13391 13445 13486 13487 13521 13546 13572 13585 13597 13606 13610 13616 13638 13639 13651 13662 13670 13682 13714 13726 13743 13744 13752 13753 13769 13771 13777 13786 13816 13822 13823 13831 13835 13865 13873 13919 13920 13971 13993 14010 14011 14050 14058 14070 14084 14093 14119 14131 14179 14202 14212 14224 14255 14284 14306 14341 14356 14419 14438 14465 14466 14472 14492 14536 14537 14562 14583 14608 14617 14618 14632 14639 14640 14641 14646 14652 14657 14658 14664 14689 14703 14710 14718 14721 14726 14737 14745 14754 14761 14762 14763 14764 14795 14801 14802 14806 14807 14814 14824 14825 14830 14831 14832 14876 14877 14878 14885 14896 14903 14911 14922 14923 14929 14939 14943 14949 14963 14974 14975 14978 14980 14986 14994 15000 15012 15017 15018 15024 15039 15046 15054 15065 15069 15074 15075 15081 15086 15089 15094 15095 15109 15112 15113 15117 15124 15128 15129 15133 15134 15141 15144 15148 15150 15151 15152 15156 15160 15164 15166 15172 15173 15175 15181 15186 15208 15216 15221 15223 15224 15225 15230 15233 15237 15238 15239 15252 15259 15260 15267 15274 15277 15278 15279 15285 15296 15299 15306 15307 15314 15319 15327 15342 15345 15348 15357 15360 15365 15379 15382 15383 15384 15392 15397 15400 15401 15406 15407 15414 15421 15430 15438 15444 15448 15455 15462 15479 15485 15493 15499 15511 15518 15532 15533 15549 15554 15565 15583 17001 17008 17247 17616 17617 17619 17620 17624 20384 20387 20388 20401 
	}
	manpower=1
	buildings_max_level_factor=1.000
	state_category=town
	local_supplies=0.000
}
