
state={
	id=7
	name="STATE_7"
	provinces={
		226 455 463 585 711 782 842 845 974 1081 1101 1121 1140 1173 1404 1717 1785 1789 1794 2239 2431 2866 2878 2926 2978 3076 3156 3216 3401 3427 3475 3603 3769 3836 3947 4405 4596 4905 4912 5071 5370 5470 5478 5538 5671 5727 6104 6278 6316 6337 6646 6886 7009 7223 7343 7622 7722 7731 7811 7870 7986 8047 8260 8342 8347 8808 8936 9007 9073 9301 9574 9705 9909 10039 10303 10324 10377 10395 10402 10478 10491 10496 10504 10511 10518 10525 10552 10566 10568 10569 10578 10595 10602 10676 10715 10736 10761 10770 10790 10798 10808 10842 10861 10886 10914 10927 10967 20344 20347 20349 
	}
	manpower=0
	buildings_max_level_factor=1.000
}
