
state={
	id=8
	name="STATE_8"

	history={
		owner = ULF
		add_core_of = ULF

	}
	
	provinces={
		8 94 157 220 256 266 339 342 482 521 605 642 670 680 831 1068 1333 1471 1565 1594 1614 1688 1724 1830 1886 1925 1949 2083 2196 2468 2485 2536 2564 2566 2678 2682 2740 3064 3130 3135 3355 3366 3661 3666 3847 4055 4105 4115 4123 4124 4316 4338 4357 4407 4511 4555 4590 4708 4996 5117 5194 5484 5784 5794 5823 5941 5986 6077 6105 6300 6339 6505 6697 6897 6986 7084 7125 7180 7182 7708 7766 8133 8140 8152 8259 8282 8517 8519 8565 8619 8772 8793 8844 8943 9123 9336 9357 9553 9751 9765 9797 9804 9816 9856 9921 9961 10309 10320 10343 10354 10355 10390 10394 10396 10423 10433 10451 10529 10546 10554 10555 10577 10614 10631 10632 10665 10683 10743 10789 10824 10881 10882 10946 10990 10991 11002 11046 11081 11141 11168 11176 11190 11215 11268 11275 11295 11304 11346 11352 11427 11434 11463 11472 11511 11526 11534 11559 11578 11607 11608 11645 11658 11695 11719 11724 20346 20363 
	}
	manpower=1
	buildings_max_level_factor=1.000
	state_category=town
}
