
state={
	id=8
	name="STATE_8"
	provinces={
		8 94 157 220 256 266 314 339 342 482 521 605 628 642 670 680 1068 1333 1471 1500 1565 1594 1614 1688 1814 1830 1886 1925 1949 2002 2196 2485 2536 2564 2678 2740 2796 3054 3064 3130 3135 3321 3355 3366 3393 3661 3666 3768 4055 4115 4123 4124 4167 4246 4316 4338 4357 4407 4444 4511 4555 4590 4708 4996 5117 5142 5194 5343 5484 5794 5823 5941 5980 5986 6077 6105 6300 6339 6505 6536 6697 6897 6986 7084 7125 7153 7180 7182 7708 7766 8031 8133 8140 8152 8259 8372 8431 8517 8565 8619 8772 8793 8844 8943 9123 9336 9357 9553 9600 9615 9751 9765 9797 9804 9816 9829 9856 9921 10355 10390 10394 10396 10433 10451 10529 10546 10554 10555 10577 10614 10631 10632 10665 10683 10743 10789 10824 10881 10882 10946 10990 10991 11002 11046 11081 11168 11176 11190 11268 11275 11295 11304 11346 11352 11427 11434 11463 11472 11511 11526 11534 11559 11578 11588 11607 11608 11645 11658 11671 11690 11694 11695 11719 11723 11724 11755 11854 11886 11903 11909 11927 11961 11968 11981 12042 12066 12113 20346 20363 
	}
	manpower=0
	buildings_max_level_factor=1.000
}
