
state={
	id=9
	name="STATE_9"
	provinces={
		104 141 156 203 221 311 420 429 473 516 603 686 750 892 948 1272 1487 1538 1592 1966 2001 2121 2301 2308 2460 2540 2565 2710 2714 2754 2882 3090 3283 3472 3503 3586 3646 3699 3775 3779 3801 3907 3912 3972 4021 4410 4573 4580 4632 4694 4948 4971 4989 5053 5252 5302 5308 5324 5347 5411 5431 5521 5588 5647 5777 5859 6138 6248 6269 6377 6445 6487 6502 6577 6581 6613 6691 7011 7091 7099 7138 7150 7308 7321 7505 7636 7780 8144 8233 8297 8452 8455 8516 8550 8606 8621 8702 8954 8982 8985 9026 9077 9274 9531 9562 9568 9570 9785 9978 9983 12145 12160 12168 12175 12192 12243 12248 12271 12275 12297 12320 12372 12404 12416 12439 12453 12462 12489 12495 12507 12527 12560 12572 12595 12601 12621 12630 12641 12654 12658 12669 12675 12676 12699 12700 12706 12731 12732 12733 12737 12757 12773 12774 12777 12804 12830 12831 12837 12855 12859 12875 12893 12905 12913 12921 12922 12973 12974 12975 12984 13010 13027 13034 13116 13147 13189 13195 13196 13222 13237 13250 13268 13287 13300 13313 13350 13387 13393 13394 13404 13422 13446 13464 13505 13529 13535 13563 20370 
	}
	
	history={
		owner = GRD
		add_core_of = GRD
	}
	
	manpower=1
	state_category = town
	buildings_max_level_factor=1.000
}
